1 0.1296875 0.2328125 0.05625 0.05234375
1 0.2953125 0.34765625 0.059375 0.0453125
1 0.4671875 0.46171875 0.040625 0.03828125
1 0.57890625 0.37421875 0.0484375 0.0453125
1 0.78359375 0.2578125 0.05078125 0.0484375
0 0.63828125 0.7171875 0.0453125 0.08828125
0 0.9015625 0.12265625 0.0515625 0.18046875
0 0.41171875 0.23125 0.0515625 0.09140625
0 0.06875 0.31875 0.0453125 0.05234375
0 0.4109375 0.7703125 0.0375 0.07734375
0 0.23671875 0.43984375 0.04765625 0.0484375
0 0.84609375 0.3359375 0.0515625 0.121875
1 0.7796875 0.8484375 0.06015625 0.06015625
1 0.95703125 0.2734375 0.0421875 0.0359375
1 0.1828125 0.6390625 0.0515625 0.0390625
1 0.2359375 0.7328125 0.05546875 0.0296875
0 0.521875 0.28203125 0.04140625 0.06484375
0 0.896875 0.77109375 0.040625 0.1328125