1 0.8703125 0.2328125 0.05625 0.05234375
1 0.7046875 0.34765625 0.059375 0.0453125
1 0.5328125 0.46171875 0.040625 0.03828125
1 0.42109375 0.37421875 0.0484375 0.0453125
1 0.21640625 0.2578125 0.05078125 0.0484375
0 0.36171875 0.7171875 0.0453125 0.08828125
0 0.0984375 0.12265625 0.0515625 0.18046875
0 0.58828125 0.23125 0.0515625 0.09140625
0 0.93125 0.31875 0.0453125 0.05234375
0 0.5890625 0.7703125 0.0375 0.07734375
0 0.76328125 0.43984375 0.04765625 0.0484375
0 0.15390625 0.3359375 0.0515625 0.121875
1 0.2203125 0.8484375 0.06015625 0.06015625
1 0.04296875 0.2734375 0.0421875 0.0359375
1 0.8171875 0.6390625 0.0515625 0.0390625
1 0.7640625 0.7328125 0.05546875 0.0296875
0 0.478125 0.28203125 0.04140625 0.06484375
0 0.103125 0.77109375 0.040625 0.1328125