0 0.40546875 0.228125 0.05234375 0.090625
1 0.465625 0.45625 0.03515625 0.0484375
0 0.23828125 0.4390625 0.04765625 0.04921875
1 0.23671875 0.7390625 0.04375 0.0359375
1 0.29375 0.68203125 0.05859375 0.03046875
0 0.6390625 0.7171875 0.0359375 0.0984375
1 0.78359375 0.2671875 0.040625 0.0515625
1 0.18046875 0.6296875 0.040625 0.02578125
1 0.12890625 0.23671875 0.040625 0.01484375
1 0.296875 0.35234375 0.0421875 0.01796875
0 0.57890625 0.375 0.040625 0.0171875
0 0.18046875 0.834375 0.0421875 0.02890625
1 0.578125 0.40546875 0.04296875 0.05078125
0 0.06953125 0.3234375 0.04296875 0.03125
0 0.83984375 0.41640625 0.04375 0.16875
0 0.9078125 0.1296875 0.0359375 0.2015625
0 0.83828125 0.35078125 0.0359375 0.04921875
0 0.296875 0.4484375 0.046875 0.190625
0 0.896875 0.68125 0.04375 0.23046875
1 0.18203125 0.7015625 0.04375 0.1390625